['D_AMairena',
'D_Naranjito',
'D_TPabon',
'D_JHeredia',
'D_Chocolate',
'D_JAlmaden',
'D_ChanoLobato',
'D_TalegondeCordoba',
'D_PdeLucia',
'D_JMerce',
'D_MSimon',
'D_MVargas',
'D_DiegoClavel',
'D_Turronero',
'D_RafaelRomeroElGallina',
'M2_Matrona',
'M1_MVargas-Martinete',
'M1_ElIndioGitano',
'M1_Pedrosanz',
'M2_PSanz',
'M2_TiaAnicalaPiriniaca',
'M1_JoseMendez',
'M1_AMairena-Martinete',
'M2_ElTorta',
'M1_CurroMairena',
'M2_EMorente',
'M1_JuanTalega',
'M1_ManueldeAngustias',
'M2_EnriqueSotoSordera',
'M1_PansequitoTriana',
'M2_Chocolate',
'M1_Chaqueta',
'M1_PdeLucia',
'M1_NinioGloria',
'M1_DiegoRubichi',
'M2_DAgujetas',
'M2_MariaSolea',
'M1_PacoelLobo',
'M1_TioMollino',
'M2_SDonday',
'M2_Rancapinos',
'M1_ElChocolate',
'M2_AMairena',
'M1_TPabon',
'M2_MAgujetas',
'M1_Mijitahijo',
'M2_ElZambo',
'M1_JHeredia-Martinete',
'M1_AntonioMairena',
'M1_Naranjito',
'M1_AntonioAgujetas',
'M1_MiguelVargas',
'M1_EnriqueMorente',
'M2_ElChaqueta',
'M1_ChanoLobato-Martinete',
'M1_JuanTalega',
'M1_JuanTalega',
'M1_Turronero',
'M1_JuanTalega',
'M1_ElNegrodelPuerto',
'M2_MMairena',
'M2_NiniodeBarbate',
'M1_DiegoClavel',
'M2_MPoveda',
'M1_AMairena',
'M2_Barullo',
'M1_Talegon',
'M1_MSimon-Martinete',
'M1_Chocolate-Martinete',
'M2_ManolilloelHerrao']
(0.0,418.298323,207.05231,403.098825,385.568702,436.779649,333.954588,509.092936,385.859288,390.645762,462.328867,511.02202,373.511302,424.494312,316.651279,325.867582,404.662229,406.589829,314.638613,362.784434,326.060979,345.286806,327.478299,256.385817,328.907095,456.871243,424.41773,450.460274,323.695263,415.833336,341.173798,545.78362,265.804296,338.559966,536.973462,288.230681,277.070772,442.247495,343.416306,500.838995,298.71468,310.587078,281.350108,379.649399,359.033306,285.784686,323.432338,465.795278,367.114485,353.858812,418.43777,418.932604,298.063891,454.349232,388.983549,438.667196,373.655451,445.23051,497.665347,363.650583,277.179077,260.820385,494.646852,328.129065,316.873914,285.161802,445.55721,352.439626,444.659087,271.846988),
(418.298323,0.0,302.860598,418.528283,420.946241,306.120516,280.077914,547.571968,316.877325,281.765065,309.07017,507.09376,323.953058,469.206936,323.394261,428.099239,479.155525,418.274164,361.194014,376.112353,399.79331,351.041723,378.08918,386.174253,414.449241,553.467126,458.866627,515.060434,353.538746,393.7069,404.58857,547.061314,271.20803,311.141003,555.506726,357.475421,398.369844,480.001166,379.187319,549.183069,394.796779,329.950769,361.818474,411.822224,485.821345,310.376838,412.778031,416.567582,383.549406,465.166539,439.93271,481.400031,300.26476,515.024329,478.045503,475.888239,391.659665,456.558851,459.252071,312.958414,380.817431,369.712797,395.968299,352.822369,314.433337,388.20634,369.753619,477.009119,512.230898,365.909873),
(207.05231,302.860598,0.0,361.878091,283.834739,244.288795,175.996515,569.778013,260.604719,244.417485,234.062508,507.174399,233.203026,425.660294,410.94801,296.715982,360.954473,273.217206,252.609933,362.521373,336.458383,213.66028,244.060976,278.166016,283.886216,406.73944,376.25817,358.737721,232.295073,284.555179,263.545534,423.859718,200.719431,181.2792,399.427021,259.253381,310.727343,360.328916,215.514705,392.032773,239.80962,224.445267,286.351035,299.678788,441.253435,219.273575,277.260727,311.716792,221.163728,277.881447,322.909818,342.696467,192.569767,391.674356,326.100479,392.453499,283.021897,343.894884,352.68669,190.76083,282.834272,249.133382,341.602662,305.480476,167.406334,246.239164,294.579056,440.917591,371.507101,237.468459),
(403.098825,418.528283,361.878091,0.0,372.656308,310.534139,378.784053,508.96061,411.766466,407.952449,326.605087,507.041193,315.102399,476.857622,383.948252,361.033046,411.864513,456.304139,352.819579,419.119641,396.165132,430.293569,344.852231,327.399372,378.311764,459.603245,429.706825,463.895254,322.891277,454.558817,344.236842,584.002182,399.298538,396.796266,568.889414,374.957861,353.025011,431.276544,369.069033,482.530941,330.040166,317.333549,317.822177,379.925533,544.914899,331.366709,313.063295,450.155737,357.495186,453.896874,465.73032,400.77708,387.696761,443.773256,388.010548,452.508638,363.855384,449.442023,454.045936,397.683777,315.212946,303.38746,466.678077,405.104344,365.482846,288.418029,517.108014,455.127247,422.71088,274.324999),
(385.568702,420.946241,283.834739,372.656308,0.0,355.103564,250.503272,523.190038,354.915446,371.181692,376.529732,374.999593,310.739315,431.187129,415.84313,258.363976,237.336382,373.329024,272.539697,406.369028,337.691849,329.9137,250.936007,276.868541,257.518053,320.391671,249.788101,342.005466,235.47399,289.029872,211.15012,353.251128,293.876504,314.669688,475.146358,332.790535,304.247918,236.312727,216.144928,373.003821,236.615571,254.864759,290.520187,247.690741,517.692772,266.700254,199.349314,298.478878,228.397755,364.102094,260.635291,204.940046,268.490734,219.293592,206.35904,252.190162,176.220029,280.180587,289.36876,299.595576,279.354003,243.566564,377.184226,396.007842,228.272181,219.067463,378.459958,376.800628,211.447633,232.171283),
(436.779649,306.120516,244.288795,310.534139,355.103564,0.0,130.629919,349.339167,279.066747,216.519863,215.453729,372.148574,349.829642,265.950218,175.67567,353.247256,327.781923,188.468004,250.091194,282.148373,354.333876,146.918529,273.277715,346.800292,261.692082,360.71213,293.538946,357.919243,355.874208,257.050527,281.707605,386.943007,198.454967,404.146292,398.396181,350.032513,297.841828,388.059917,300.532698,402.585053,311.357985,234.694912,316.91073,273.006545,300.509675,234.122251,342.844283,284.772827,324.093496,504.485742,321.218446,328.873225,293.661982,428.495837,382.097682,320.792445,316.914324,291.544498,296.135446,241.711453,301.287187,306.950013,217.336099,177.705808,261.423064,256.838153,247.139399,376.464734,400.351351,313.288563),
(333.954588,280.077914,175.996515,378.784053,250.503272,130.629919,0.0,391.988768,339.283853,193.466981,275.706729,316.609118,290.419077,240.792008,264.494147,294.240517,267.459801,183.608247,230.457992,300.020473,330.821416,118.337239,210.785948,304.415023,229.150723,295.745122,232.870576,287.267233,303.991678,176.333814,242.6306,321.295697,181.573017,387.421938,357.295054,340.037036,260.361037,321.91721,218.387581,337.941052,302.253942,204.682802,282.953694,228.617514,302.556846,186.716208,243.690269,191.85988,255.825135,465.046243,249.231914,267.55587,258.579916,376.619618,307.254036,270.26162,252.407243,234.651491,223.610539,266.102914,293.893822,270.833379,188.929062,223.111047,244.474699,202.150967,207.256567,315.097867,337.006668,274.472121),
(509.092936,547.571968,569.778013,508.96061,523.190038,349.339167,391.988768,0.0,508.023497,396.455757,530.020057,494.106651,561.777444,432.16435,285.433054,480.432052,451.345321,457.309736,490.212075,364.38116,449.930097,362.245573,398.332384,375.316205,401.534958,373.43904,400.647487,371.327144,443.955869,366.150894,415.609734,542.126594,446.392965,511.732488,639.246187,417.565862,299.956722,436.721742,446.39265,442.505945,393.705841,374.307584,338.63848,412.935922,433.999481,370.086043,426.206741,515.046844,504.098071,600.340442,528.4862,451.0336,538.220427,520.168199,468.616668,462.187434,455.822245,431.318494,392.465251,518.889019,390.214317,405.55644,457.865775,296.495334,530.657457,385.964268,393.20356,530.654627,529.172411,401.520116),
(385.859288,316.877325,260.604719,411.766466,354.915446,279.066747,339.283853,508.023497,0.0,369.423225,253.35217,471.799691,256.322964,414.926506,353.241763,389.484602,434.271831,356.735377,296.449034,332.878517,365.279335,303.790891,324.726534,379.925742,381.638046,499.796134,410.721716,435.640504,338.98442,381.556187,340.865341,471.324892,238.42277,305.326029,514.304985,342.637372,333.152435,423.096434,341.985886,508.585141,360.990154,305.784477,318.25747,369.827111,413.511977,274.431638,386.538859,359.300876,328.597563,462.773443,384.219234,424.922464,273.536475,473.48008,405.778744,418.71509,372.903066,384.163453,398.250897,249.383823,323.464875,303.024509,336.8876,300.191804,239.012263,354.831254,358.893602,511.53201,464.825087,347.540601),
(390.645762,281.765065,244.417485,407.952449,371.181692,216.519863,193.466981,396.455757,369.423225,0.0,290.486957,357.133471,367.316541,333.924761,249.995121,340.58082,349.394569,307.603396,267.26264,305.097536,356.616153,233.19202,277.095948,336.576136,304.909378,354.21809,310.646321,331.72839,355.018233,269.081881,311.883306,389.015277,214.738332,359.250275,388.863891,338.559527,274.563473,406.280336,279.356136,394.753648,335.850314,246.660784,280.203292,303.453368,354.038807,253.067904,329.398725,308.402959,366.629134,451.874068,327.723074,341.294874,351.421381,452.232972,413.287004,354.425344,331.889415,296.457044,313.652812,346.724507,306.701798,313.629158,303.514335,227.758748,359.037471,243.36366,262.312997,379.682265,413.511955,317.10483),
(462.328867,309.07017,234.062508,326.605087,376.529732,215.453729,275.706729,530.020057,253.35217,290.486957,0.0,436.090732,187.447148,349.393651,264.367527,407.134481,406.824542,243.557361,287.978239,347.676938,385.698175,223.13937,319.817679,394.446886,352.323879,503.949769,400.050745,425.312935,346.465442,337.875093,335.263487,453.838146,231.985501,241.481504,369.917556,349.762785,374.199764,415.854907,350.809193,480.304358,375.78753,305.686979,348.439051,376.737948,354.74422,290.500294,396.984389,343.870918,343.292917,447.046199,380.018773,407.521053,302.858769,463.742348,407.790042,393.568739,373.522864,365.923076,351.807715,246.96369,355.175123,339.475817,280.548564,252.686789,263.152616,357.165516,306.635383,485.164328,458.073185,349.245819),
(511.02202,507.09376,507.174399,507.041193,374.999593,372.148574,316.609118,494.106651,471.799691,357.133471,436.090732,0.0,371.952674,443.886817,360.305419,351.484939,315.519648,413.803286,386.98013,380.831989,399.266496,328.429733,272.68463,336.875919,288.081218,336.108597,319.945155,347.794326,362.582337,331.422022,290.064869,432.533491,368.178888,433.017238,468.8148,388.831407,289.996333,414.206028,288.502004,403.224467,329.524017,247.388928,317.63838,272.309064,506.896264,236.371519,306.939383,386.607208,395.477602,467.461443,386.932364,307.046074,411.387399,413.953159,399.743096,315.195018,296.923022,325.474607,326.202151,428.399149,324.8363,320.357404,411.367502,335.652625,393.143058,289.442871,401.041928,398.757422,387.403109,358.379389),
(373.511302,323.953058,233.203026,315.102399,310.739315,349.829642,290.419077,561.777444,256.322964,367.316541,187.447148,371.952674,0.0,435.05066,310.626587,334.351868,397.239231,336.371825,252.547962,332.586439,342.790127,292.931864,309.06276,314.893663,324.058734,436.638962,397.065727,428.074874,266.448128,372.467757,282.12679,456.302351,218.877356,281.235277,452.690823,332.784987,320.303229,380.042181,276.291963,455.69057,308.788248,272.88019,285.885909,323.546009,455.247262,216.964699,321.269066,372.153516,269.698012,430.551602,347.386474,377.400695,243.46814,401.265591,347.808332,366.264278,311.655294,372.320484,394.150519,274.478712,287.090276,266.711386,318.390006,262.582305,240.175627,291.422361,351.155296,401.228684,408.209601,273.672618),
(424.494312,469.206936,425.660294,476.857622,431.187129,265.950218,240.792008,432.16435,414.926506,333.924761,349.393651,443.886817,435.05066,0.0,279.053386,376.408254,376.359985,251.216526,332.6904,340.87254,466.752641,253.764755,323.151971,424.69131,354.467622,383.220678,358.138473,321.58225,424.154834,320.540359,358.799953,414.633992,323.985932,523.818898,341.459567,401.134454,349.255632,332.308444,391.406743,389.141515,384.342346,360.496303,376.057186,354.298065,254.388498,338.313568,384.378392,287.601025,475.077173,549.525949,345.911473,406.225241,420.192734,494.63366,436.428272,395.042057,422.528947,364.361416,332.562191,457.13117,406.094578,402.877979,344.511424,311.44402,433.66915,371.560678,326.253402,337.307111,482.274546,394.45688),
(316.651279,323.394261,410.94801,383.948252,415.84313,175.67567,264.494147,285.433054,353.241763,249.995121,264.367527,360.305419,310.626587,279.053386,0.0,336.86437,283.734398,233.013472,349.683616,254.886492,355.725864,203.921825,265.849753,321.626743,230.559005,271.457624,270.408853,291.148396,322.056518,267.449307,263.04422,421.92207,323.505418,432.189195,484.351574,294.451475,219.049926,328.070862,297.024139,355.065055,280.413957,241.231812,251.269602,251.436715,279.471934,217.185668,323.440355,333.818332,384.313538,458.83836,404.170471,324.651224,387.042811,442.945783,385.634261,317.63581,327.865911,301.03029,292.075184,451.0419,276.525353,288.045513,377.156154,143.711462,394.799834,234.984391,314.02018,337.073993,403.011582,300.197851),
(325.867582,428.099239,296.715982,361.033046,258.363976,353.247256,294.240517,480.432052,389.484602,340.58082,407.134481,351.484939,334.351868,376.408254,336.86437,0.0,224.150684,362.645732,264.678252,349.570619,162.969231,299.312132,196.962833,127.061671,213.304866,280.070953,256.50665,305.427917,174.493581,268.333434,200.044552,380.859785,283.134805,345.006268,491.011643,244.778384,250.341727,233.157296,214.977725,349.535342,224.023146,199.347607,239.503234,208.825622,477.696258,196.610184,138.643532,330.763186,246.809237,366.65889,310.389612,260.044547,263.828228,263.05916,272.819703,299.566375,226.254088,271.97661,298.560294,323.354779,228.779429,220.995538,397.835376,343.335033,279.219124,166.227558,366.081291,372.005075,287.319234,162.400309),
(404.662229,479.155525,360.954473,411.864513,237.336382,327.781923,267.459801,451.345321,434.271831,349.394569,406.824542,315.519648,397.239231,376.359985,283.734398,224.150684,0.0,302.160302,278.526382,293.355318,306.211578,249.149723,150.688536,259.990805,198.834265,227.114464,157.31197,228.19241,273.158691,186.237054,198.624039,271.919085,323.499533,381.949735,389.159696,318.523934,266.954498,257.577007,201.133984,269.058678,267.947208,184.839536,256.094015,128.798405,411.221457,176.276218,207.031122,277.010245,287.515836,390.561392,269.619325,82.130023,329.436395,246.845727,241.653892,167.960854,123.182603,166.669094,179.933055,360.080933,265.357768,268.033537,361.429693,322.495371,311.408784,217.133598,335.48329,329.504083,184.633715,245.177472),
(406.589829,418.274164,273.217206,456.304139,373.329024,188.468004,183.608247,457.309736,356.735377,307.603396,243.557361,413.803286,336.371825,251.216526,233.013472,362.645732,302.160302,0.0,309.542954,326.953704,381.792943,195.558753,256.651986,413.339925,221.474564,321.542465,279.854899,305.990098,353.733667,225.023193,299.886753,330.93686,244.707107,418.614278,306.087908,391.338865,324.741324,357.083175,238.0598,336.648022,317.181442,281.202535,327.764273,276.911446,232.41591,270.340192,325.78378,254.099711,333.768439,431.355594,269.754232,328.121195,288.736194,438.080342,369.587503,316.03304,334.425954,277.70475,263.582596,298.750642,379.982485,365.621327,243.14273,254.459292,276.358407,276.062466,184.932582,353.610839,400.136899,331.031362),
(314.638613,361.194014,252.609933,352.819579,272.539697,250.091194,230.457992,490.212075,296.449034,267.26264,287.978239,386.98013,252.547962,332.6904,349.683616,264.678252,278.526382,309.542954,0.0,357.245236,259.589388,224.230758,190.031684,259.239323,260.486895,357.403556,270.106195,304.119605,258.109558,257.75685,228.43017,289.643811,182.475705,350.887109,366.045541,255.163541,302.743157,277.342025,180.950188,374.764916,259.412873,175.464726,257.705682,220.56437,380.892768,161.782432,244.49075,267.150851,271.792679,347.216033,210.897869,267.520823,240.953594,359.549062,324.673661,277.655508,244.26281,210.899692,293.951182,244.544654,260.087516,228.461707,315.320369,272.500861,259.082111,215.645028,300.690161,331.969814,324.255319,218.659548),
(362.784434,376.112353,362.521373,419.119641,406.369028,282.148373,300.020473,364.38116,332.878517,305.097536,347.676938,380.831989,332.586439,340.87254,254.886492,349.570619,293.355318,326.953704,357.245236,0.0,367.724922,287.771474,227.388175,353.016137,220.355318,340.862695,317.344843,310.0683,328.688594,345.252156,256.509756,393.246934,342.519369,333.710911,426.663604,264.654642,219.325881,409.44479,258.38442,381.8583,339.424896,252.662926,279.555451,279.2964,396.380957,237.056198,346.795755,330.004664,378.24015,379.741802,435.122752,335.033959,369.792824,442.23521,410.410093,337.902495,341.534751,309.06662,347.986893,406.329897,289.045702,262.870439,399.717308,186.671356,373.856047,276.663205,345.210006,367.929666,426.187775,303.731022),
(326.060979,399.79331,336.458383,396.165132,337.691849,354.333876,330.821416,449.930097,365.279335,356.616153,385.698175,399.266496,342.790127,466.752641,355.725864,162.969231,306.211578,381.792943,259.589388,367.724922,0.0,286.735102,245.319384,99.714477,264.380715,324.852107,335.248018,357.575758,175.242956,316.152517,231.780198,394.545377,245.33511,364.511602,536.829488,230.855501,261.249155,200.223159,263.490389,391.203174,199.679286,210.8232,232.249055,263.51238,486.489211,217.334981,170.628943,351.162458,290.014925,369.965645,327.045935,325.205826,318.694533,310.024683,341.771987,341.43333,272.434045,327.283108,354.499441,344.444077,181.771793,227.513589,417.119181,323.604356,333.372657,181.002693,379.468702,358.220179,343.340604,182.441218),
(345.286806,351.041723,213.66028,430.293569,329.9137,146.918529,118.337239,362.245573,303.790891,233.19202,223.13937,328.429733,292.931864,253.764755,203.921825,299.312132,249.149723,195.558753,224.230758,287.771474,286.735102,0.0,214.908765,324.659571,234.484106,236.834803,209.7542,248.096718,319.092035,152.675245,236.931642,294.534872,224.5524,446.567455,371.147327,333.46247,235.888776,324.42221,244.739239,288.370373,271.386871,191.317499,250.485254,199.157057,285.725287,180.054574,242.612004,220.189857,346.995372,359.697527,261.640595,270.905869,314.923019,385.610344,331.780957,263.012612,264.128255,226.368147,214.780268,357.208953,281.295217,290.275368,271.023486,201.971703,336.273397,206.324432,212.872854,318.146738,340.095164,271.943257),
(327.478299,378.08918,244.060976,344.852231,250.936007,273.277715,210.785948,398.332384,324.726534,277.095948,319.817679,272.68463,309.06276,323.151971,265.849753,196.962833,150.688536,256.651986,190.031684,227.388175,245.319384,214.908765,0.0,214.012695,148.380774,204.309242,176.131516,216.331501,176.131739,196.313754,141.884547,346.595571,266.459465,292.843866,400.013171,262.390044,185.474679,238.044452,145.867874,275.770373,191.216561,137.718159,178.96348,134.69,423.740119,115.863878,176.295598,314.523177,233.520268,304.291617,325.22598,186.885032,249.781486,280.325382,238.736024,241.373186,150.964121,176.691149,232.197717,281.146142,206.173873,174.687782,364.388627,272.231018,228.420589,140.504026,256.325302,282.763285,237.959892,170.194552),
(256.385817,386.174253,278.166016,327.399372,276.868541,346.800292,304.415023,375.316205,379.925742,336.576136,394.446886,336.875919,314.893663,424.69131,321.626743,127.061671,259.990805,413.339925,259.239323,353.016137,99.714477,324.659571,214.012695,0.0,249.750177,239.358573,303.687725,346.327261,136.418314,323.499532,208.766313,407.613604,264.443988,324.095505,551.545667,193.315836,234.815015,207.365362,259.995714,383.737755,175.333705,196.641974,216.023553,237.058539,519.195958,213.952451,123.145932,364.729263,236.348189,332.41321,335.672451,293.957984,260.462547,256.810522,304.645845,328.404327,249.950145,321.875885,364.761745,317.979346,199.295764,166.102538,417.597,346.466718,274.474887,138.411163,401.767378,366.740033,319.904705,107.956719),
(328.907095,414.449241,283.886216,378.311764,257.518053,261.692082,229.150723,401.534958,381.638046,304.909378,352.323879,288.081218,324.058734,354.467622,230.559005,213.304866,198.834265,221.474564,260.486895,220.355318,264.380715,234.484106,148.380774,249.750177,0.0,247.509433,197.452545,257.000091,240.039858,235.45943,168.932799,375.412217,264.672133,330.935718,395.417894,269.174072,194.193437,250.375493,164.129406,297.993587,219.0271,176.249945,191.341782,164.888929,366.130298,120.37752,217.362404,359.140954,255.235262,352.950084,327.710953,228.571006,260.891227,323.372172,278.723568,274.4208,202.530992,258.886544,255.45942,314.317756,219.713525,194.571477,340.346706,279.922086,261.21638,164.581943,270.216929,333.638194,283.909147,207.217984),
(456.871243,553.467126,406.73944,459.603245,320.391671,360.71213,295.745122,373.43904,499.796134,354.21809,503.949769,336.108597,436.638962,383.220678,271.457624,280.070953,227.114464,321.542465,357.403556,340.862695,324.852107,236.834803,204.309242,239.358573,247.509433,0.0,169.201531,200.775184,320.951212,128.004571,217.652488,317.352941,330.407498,425.987463,431.696748,356.420214,231.074495,270.618758,248.813784,233.140276,252.221809,199.845533,248.210503,182.100451,432.462028,188.464966,205.640871,320.339847,354.30623,430.042325,327.987079,216.261914,386.816253,334.483325,278.030449,215.146851,206.147184,200.746385,182.377102,418.951469,300.114752,274.802936,374.004078,276.900805,366.601199,201.828921,262.349611,390.495353,273.095293,271.218542),
(424.41773,458.866627,376.25817,429.706825,249.788101,293.538946,232.870576,400.647487,410.721716,310.646321,400.050745,319.945155,397.065727,358.138473,270.408853,256.50665,157.31197,279.854899,270.106195,317.344843,335.248018,209.7542,176.131516,303.687725,197.452545,169.201531,0.0,165.90862,268.505371,121.310583,160.778378,285.400451,334.463133,365.307187,434.611756,290.503251,187.389942,230.575702,195.276717,230.970791,209.695994,182.25886,203.60621,128.994908,421.701969,134.249282,167.984454,313.416792,294.463232,407.25942,318.700887,173.823474,337.557992,270.301235,201.637423,213.988662,143.973366,205.520588,187.18637,399.798391,290.328567,244.970219,406.397343,306.540507,322.852197,188.64098,298.830956,368.204574,220.413013,257.426627),
(450.460274,515.060434,358.737721,463.895254,342.005466,357.919243,287.267233,371.327144,435.640504,331.72839,425.312935,347.794326,428.074874,321.58225,291.148396,305.427917,228.19241,305.990098,304.119605,310.0683,357.575758,248.096718,216.331501,346.327261,257.000091,200.775184,165.90862,0.0,296.2015,172.741517,182.571618,293.867694,351.712963,350.468094,405.182213,263.168684,208.470423,217.050481,242.061473,218.90933,259.011326,207.803188,251.324231,180.422071,434.224168,197.239793,225.427636,328.652861,323.002925,393.138456,359.882113,232.36982,347.445628,330.108656,254.254638,267.953938,239.773673,209.058668,234.837718,394.742158,315.308149,268.469623,404.638787,290.581206,322.437165,231.987712,320.477531,376.140863,299.778788,274.37251),
(323.695263,353.538746,232.295073,322.891277,235.47399,355.874208,303.991678,443.955869,338.98442,355.018233,346.465442,362.582337,266.448128,424.154834,322.056518,174.493581,273.158691,353.733667,258.109558,328.688594,175.242956,319.092035,176.131739,136.418314,240.039858,320.951212,268.505371,296.2015,0.0,287.326263,177.901209,332.983005,264.742365,252.601577,481.686614,162.990287,221.096287,166.237545,196.556645,372.415371,142.490907,196.886377,206.572875,233.851037,495.315406,204.322414,110.177076,359.557232,200.553841,289.031219,310.330177,253.465491,212.518145,238.84777,269.594145,310.955076,218.308195,307.664339,343.980027,282.442822,211.508101,181.445257,387.167431,355.185545,222.145808,151.311709,346.740223,368.061859,298.090695,129.320405),
(415.833336,393.7069,284.555179,454.558817,289.029872,257.050527,176.333814,366.150894,381.556187,269.081881,337.875093,331.422022,372.467757,320.540359,267.449307,268.333434,186.237054,225.023193,257.75685,345.252156,316.152517,152.675245,196.313754,323.499532,235.45943,128.004571,121.310583,172.741517,287.326263,0.0,187.06783,238.985052,236.147456,406.008374,432.056134,332.344125,214.64753,222.396387,221.249538,219.024431,209.997612,171.69053,221.34813,147.007327,378.443438,166.195408,186.774067,260.501997,343.64998,411.525641,283.166722,190.910413,381.668492,281.672908,242.192833,187.908556,170.845021,163.412177,151.526943,431.309393,289.283739,257.406229,373.491299,280.431385,358.732841,184.959503,255.982324,348.015163,250.096966,257.735465),
(341.173798,404.58857,263.545534,344.236842,211.15012,281.707605,242.6306,415.609734,340.865341,311.883306,335.263487,290.064869,282.12679,358.799953,263.04422,200.044552,198.624039,299.886753,228.43017,256.509756,231.780198,236.931642,141.884547,208.766313,168.932799,217.652488,160.778378,182.571618,177.901209,187.06783,0.0,313.50089,224.499521,288.533474,491.761046,264.427962,226.293986,148.446524,246.626888,228.578329,134.503047,193.990343,199.859915,225.874184,487.881866,216.792809,125.214762,300.702512,237.142955,331.094755,285.315644,251.584384,255.599168,253.88866,237.112504,299.088366,213.363695,284.222765,311.950535,302.489275,203.727183,145.48438,377.476618,369.756382,238.744001,113.780079,348.479205,371.452875,275.803473,160.907601),
(545.78362,547.061314,423.859718,584.002182,353.251128,386.943007,321.295697,542.126594,471.324892,389.015277,453.838146,432.533491,456.302351,414.633992,421.92207,380.859785,271.919085,330.93686,289.643811,393.246934,394.545377,294.534872,346.595571,407.613604,375.412217,317.352941,285.400451,293.867694,332.983005,238.985052,313.50089,0.0,216.112051,406.800254,333.736749,357.11861,376.401114,305.532993,249.443575,367.791492,358.69107,269.868624,378.688162,219.827186,393.744035,268.515657,289.020089,264.929375,388.127953,459.515101,266.512078,264.436325,449.413471,246.342116,369.551557,214.325002,244.111053,226.360701,241.827047,442.751008,448.242899,420.764858,393.067369,389.773817,440.41172,337.075885,366.566987,444.210221,202.457562,432.995231),
(265.804296,271.20803,200.719431,399.298538,293.876504,198.454967,181.573017,446.392965,238.42277,214.738332,231.985501,368.178888,218.877356,323.985932,323.505418,283.134805,323.499533,244.707107,182.475705,342.519369,245.33511,224.5524,266.459465,264.443988,264.672133,330.407498,334.463133,351.712963,264.742365,236.147456,224.499521,216.112051,0.0,227.836086,370.314034,278.156969,287.340134,270.802525,210.560611,389.601326,273.202898,166.495281,238.565292,199.751479,327.027139,147.457256,253.34285,245.308928,268.203004,272.050648,214.17106,277.761075,232.310567,368.8367,330.969326,282.702598,236.560287,244.19737,266.799595,247.821156,238.534392,225.88418,264.798837,221.999204,245.063375,191.350449,244.181743,297.844125,338.213559,231.273397),
(338.559966,311.141003,181.2792,396.796266,314.669688,404.146292,387.421938,511.732488,305.326029,359.250275,241.481504,433.017238,281.235277,523.818898,432.189195,345.006268,381.949735,418.614278,350.887109,333.710911,364.511602,446.567455,292.843866,324.095505,330.935718,425.987463,365.307187,350.468094,252.601577,406.008374,288.533474,406.800254,227.836086,0.0,398.193336,227.921365,295.649573,335.037904,259.341443,426.24305,270.92001,237.884666,280.446539,340.757786,510.877253,232.17063,297.590276,460.878594,256.712921,267.298527,339.642798,385.24976,244.80916,407.251932,355.073319,401.93421,330.774329,380.503241,390.583668,236.683312,287.734594,286.592724,367.599636,274.26663,209.976332,293.173525,323.723434,481.856255,430.022073,289.738981),
(536.973462,555.506726,399.427021,568.889414,475.146358,398.396181,357.295054,639.246187,514.304985,388.863891,369.917556,468.8148,452.690823,341.459567,484.351574,491.011643,389.159696,306.087908,366.045541,426.663604,536.829488,371.147327,400.013171,551.545667,395.417894,431.696748,434.611756,405.182213,481.686614,432.056134,491.761046,333.736749,370.314034,398.193336,0.0,466.214862,519.557506,463.138942,341.649382,428.641165,480.701527,401.417615,487.457586,379.147087,347.732063,389.128182,422.631114,346.874933,433.005528,464.912535,329.126774,391.531294,428.44912,464.975308,400.242399,391.951284,437.051514,337.158367,317.875917,348.603715,496.884499,448.957825,312.554815,384.041744,384.64584,399.735939,267.403676,401.737418,476.155093,443.92126),
(288.230681,357.475421,259.253381,374.957861,332.790535,350.032513,340.037036,417.565862,342.637372,338.559527,349.762785,388.831407,332.784987,401.134454,294.451475,244.778384,318.523934,391.338865,255.163541,264.654642,230.855501,333.46247,262.390044,193.315836,269.174072,356.420214,290.503251,263.168684,162.990287,332.344125,264.427962,357.11861,278.156969,227.921365,466.214862,0.0,200.422064,261.406214,220.109207,364.788577,211.310813,231.059202,185.983988,280.348236,491.461472,236.318583,181.92805,413.119446,265.867326,292.643962,395.260011,326.2863,261.461239,331.466043,334.201469,389.049815,299.855835,351.309073,410.673424,337.287817,198.627942,208.576919,450.84349,296.975211,283.725005,228.844901,390.070974,385.548823,374.449852,184.331607),
(277.070772,398.369844,310.727343,353.025011,304.247918,297.841828,260.361037,299.956722,333.152435,274.563473,374.199764,289.996333,320.303229,349.255632,219.049926,250.341727,266.954498,324.741324,302.743157,219.325881,261.249155,235.888776,185.474679,234.815015,194.193437,231.074495,187.389942,208.470423,221.096287,214.64753,226.293986,376.401114,287.340134,295.649573,519.557506,200.422064,0.0,249.0614,234.727155,294.25504,183.744408,192.560811,103.394761,192.729746,403.68252,135.046863,207.966684,373.592903,286.224345,336.866173,400.33918,280.135507,295.02704,353.584409,287.641312,344.600795,252.873738,319.689721,316.783333,379.726473,147.740158,174.899788,453.783124,216.153519,320.478509,160.349082,294.367219,372.871776,336.010973,184.547138),
(442.247495,480.001166,360.328916,431.276544,236.312727,388.059917,321.91721,436.721742,423.096434,406.280336,415.854907,414.206028,380.042181,332.308444,328.070862,233.157296,257.577007,357.083175,277.342025,409.44479,200.223159,324.42221,238.044452,207.365362,250.375493,270.618758,230.575702,217.050481,166.237545,222.396387,148.446524,305.532993,270.802525,335.037904,463.138942,261.406214,249.0614,0.0,266.410976,255.677499,152.159915,232.406465,283.604721,215.894621,505.923575,234.572842,148.65302,324.282089,269.679448,381.307562,262.14252,238.039458,327.791794,208.910104,265.119169,244.72622,186.363292,249.144408,277.0358,374.187789,288.896765,237.054269,408.677301,410.902866,298.882953,188.124631,405.352927,393.924748,237.282307,215.273788),
(343.416306,379.187319,215.514705,369.069033,216.144928,300.532698,218.387581,446.39265,341.985886,279.356136,350.809193,288.502004,276.291963,391.406743,297.024139,214.977725,201.133984,238.0598,180.950188,258.38442,263.490389,244.739239,145.867874,259.995714,164.129406,248.813784,195.276717,242.061473,196.556645,221.249538,246.626888,249.443575,210.560611,259.341443,341.649382,220.109207,234.727155,266.410976,0.0,307.72271,208.575267,129.738811,226.857524,155.713806,393.105753,147.646171,208.855186,279.116857,190.074601,308.258718,312.81271,183.976254,224.00841,302.577934,254.835984,222.212534,183.283988,212.986622,239.479974,279.912004,238.984964,196.767272,305.976162,286.416667,215.481505,186.762359,234.331629,296.778314,262.581196,216.312293),
(500.838995,549.183069,392.032773,482.530941,373.003821,402.585053,337.941052,442.505945,508.585141,394.753648,480.304358,403.224467,455.69057,389.141515,355.065055,349.535342,269.058678,336.648022,374.764916,381.8583,391.203174,288.370373,275.770373,383.737755,297.993587,233.140276,230.970791,218.90933,372.415371,219.024431,228.578329,367.791492,389.601326,426.24305,428.641165,364.788577,294.25504,255.677499,307.72271,0.0,240.823381,280.686654,310.5369,253.106601,485.29193,249.135744,258.347003,367.463426,353.524227,440.695999,404.904009,306.838989,372.16141,349.300967,316.997804,346.88918,304.750306,300.198812,300.116576,413.249367,338.775,319.52336,397.132751,378.956339,369.168601,261.580989,352.437106,441.804723,366.932865,311.375862),
(298.71468,394.796779,239.80962,330.040166,236.615571,311.357985,302.253942,393.705841,360.990154,335.850314,375.78753,329.524017,308.788248,384.342346,280.413957,224.023146,267.947208,317.181442,259.412873,339.424896,199.679286,271.386871,191.216561,175.333705,219.0271,252.221809,209.695994,259.011326,142.490907,209.997612,134.503047,358.69107,273.202898,270.92001,480.701527,211.310813,183.744408,152.159915,208.575267,240.823381,0.0,191.673719,190.631679,240.588017,435.916212,218.51544,138.525033,361.367242,208.542735,298.605178,325.501042,274.111779,251.048377,258.48354,274.78252,324.365091,212.17079,303.533277,346.615589,310.313588,193.238095,156.123387,408.303809,359.396226,254.768512,103.541573,382.379692,353.729082,311.914873,135.350803),
(310.587078,329.950769,224.445267,317.333549,254.864759,234.694912,204.682802,374.307584,305.784477,246.660784,305.686979,247.388928,272.88019,360.496303,241.231812,199.347607,184.839536,281.202535,175.464726,252.662926,210.8232,191.317499,137.718159,196.641974,176.249945,199.845533,182.25886,207.803188,196.886377,171.69053,193.990343,269.868624,166.495281,237.884666,401.417615,231.059202,192.560811,232.406465,129.738811,280.686654,191.673719,0.0,179.66528,120.755409,388.751538,95.856727,172.882934,235.264591,223.308291,326.918978,307.794727,170.674094,263.425673,304.607157,268.204013,223.855546,156.159704,205.781431,230.65806,317.269286,161.146925,163.106471,313.270211,231.791025,265.689841,141.986925,273.240569,260.490132,251.264986,134.132912),
(281.350108,361.818474,286.351035,317.822177,290.520187,316.91073,282.953694,338.63848,318.25747,280.203292,348.439051,317.63838,285.885909,376.057186,251.269602,239.503234,256.094015,327.764273,257.705682,279.555451,232.249055,250.485254,178.96348,216.023553,191.341782,248.210503,203.60621,251.324231,206.572875,221.34813,199.859915,378.688162,238.565292,280.446539,487.457586,185.983988,103.394761,283.604721,226.857524,310.5369,190.631679,179.66528,0.0,203.336392,396.010702,155.50918,176.123235,360.921154,251.709178,336.049494,371.917274,292.104186,280.077007,338.98088,249.042317,354.60703,272.878647,335.321718,316.596724,341.857285,127.74853,137.715492,411.605475,255.963555,301.835816,143.828394,295.577424,363.966527,338.738293,158.604673),
(379.649399,411.822224,299.678788,379.925533,247.690741,273.006545,228.617514,412.935922,369.827111,303.453368,376.737948,272.309064,323.546009,354.298065,251.436715,208.825622,128.798405,276.911446,220.56437,279.2964,263.51238,199.157057,134.69,237.058539,164.888929,182.100451,128.994908,180.422071,233.851037,147.007327,225.874184,219.827186,199.751479,340.757786,379.147087,280.348236,192.729746,215.894621,155.713806,253.106601,240.588017,120.755409,203.336392,0.0,383.099126,104.34505,172.590253,254.018129,275.702675,374.88467,281.315492,148.674989,318.2584,257.091103,237.678238,181.196704,132.246385,160.376158,153.885948,357.945665,238.499674,234.627135,378.315606,271.344446,295.128094,171.135951,295.960058,297.24652,207.640119,215.993382),
(359.033306,485.821345,441.253435,544.914899,517.692772,300.509675,302.556846,433.999481,413.511977,354.038807,354.74422,506.896264,455.247262,254.388498,279.471934,477.696258,411.221457,232.41591,380.892768,396.380957,486.489211,285.725287,423.740119,519.195958,366.130298,432.462028,421.701969,434.224168,495.315406,378.443438,487.881866,393.744035,327.027139,510.877253,347.732063,491.461472,403.68252,505.923575,393.105753,485.29193,435.916212,388.751538,396.010702,383.099126,0.0,380.048753,449.915956,349.013563,462.901321,544.806677,383.817101,439.942397,429.429465,526.665984,475.52384,432.002695,471.498058,398.154596,384.801255,470.140302,432.01124,392.988365,328.714485,297.155805,453.404366,400.818001,314.096775,435.206596,532.862928,440.925807),
(285.784686,310.376838,219.273575,331.366709,266.700254,234.122251,186.716208,370.086043,274.431638,253.067904,290.500294,236.371519,216.964699,338.313568,217.185668,196.610184,176.276218,270.340192,161.782432,237.056198,217.334981,180.054574,115.863878,213.952451,120.37752,188.464966,134.249282,197.239793,204.322414,166.195408,216.792809,268.515657,147.457256,232.17063,389.128182,236.318583,135.046863,234.572842,147.646171,249.135744,218.51544,95.856727,155.50918,104.34505,380.048753,0.0,164.945608,222.508063,256.1447,256.475435,344.448392,199.11967,287.855188,304.438663,256.621227,245.377126,166.464943,237.91679,222.794767,344.975544,179.219323,163.334651,378.3922,235.061661,292.863027,103.283961,264.48435,274.87612,252.998826,150.485696),
(323.432338,412.778031,277.260727,313.063295,199.349314,342.844283,243.690269,426.206741,386.538859,329.398725,396.984389,306.939383,321.269066,384.378392,323.440355,138.643532,207.031122,325.78378,244.49075,346.795755,170.628943,242.612004,176.295598,123.145932,217.362404,205.640871,167.984454,225.427636,110.177076,186.774067,125.214762,289.020089,253.34285,297.590276,422.631114,181.92805,207.966684,148.65302,208.855186,258.347003,138.525033,172.882934,176.123235,172.590253,449.915956,164.945608,0.0,278.393114,198.836524,309.276743,257.898543,192.407644,254.649304,169.752198,229.566465,236.773589,161.910343,234.727452,273.818828,305.197712,206.420435,184.665657,401.099111,357.114381,230.593848,134.41249,401.497089,344.102531,219.844202,121.843599),
(465.795278,416.567582,311.716792,450.155737,298.478878,284.772827,191.85988,515.046844,359.300876,308.402959,343.870918,386.607208,372.153516,287.601025,333.818332,330.763186,277.010245,254.099711,267.150851,330.004664,351.162458,220.189857,314.523177,364.729263,359.140954,320.339847,313.416792,328.652861,359.557232,260.501997,300.702512,264.929375,245.308928,460.878594,346.874933,413.119446,373.592903,324.282089,279.116857,367.463426,361.367242,235.264591,360.921154,254.018129,349.013563,222.508063,278.393114,0.0,356.781422,412.892217,242.862557,259.980813,337.390444,366.272338,322.131196,242.797684,240.605162,231.8283,215.757556,354.798989,369.435177,342.319339,257.818916,309.021873,338.007526,289.524666,331.249913,326.821473,311.944927,323.474348),
(367.114485,383.549406,221.163728,357.495186,228.397755,324.093496,255.825135,504.098071,328.597563,366.629134,343.292917,395.477602,269.698012,475.077173,384.313538,246.809237,287.515836,333.768439,271.792679,378.24015,290.014925,346.995372,233.520268,236.348189,255.235262,354.30623,294.463232,323.002925,200.553841,343.64998,237.142955,388.127953,268.203004,256.712921,433.005528,265.867326,286.224345,269.679448,190.074601,353.524227,208.542735,223.308291,251.709178,275.702675,462.901321,256.1447,198.836524,356.781422,0.0,299.49181,236.548441,267.725792,191.667946,303.322116,240.369281,314.091007,202.224817,284.53784,298.535072,246.429648,263.551552,218.080598,292.542123,347.279518,200.663226,210.423896,349.210991,402.415156,305.785244,204.148138),
(353.858812,465.166539,277.881447,453.896874,364.102094,504.485742,465.046243,600.340442,462.773443,451.874068,447.046199,467.461443,430.551602,549.525949,458.83836,366.65889,390.561392,431.355594,347.216033,379.741802,369.965645,359.697527,304.291617,332.41321,352.950084,430.042325,407.25942,393.138456,289.031219,411.525641,331.094755,459.515101,272.050648,267.298527,464.912535,292.643962,336.866173,381.307562,308.258718,440.695999,298.605178,326.918978,336.049494,374.88467,544.806677,256.475435,309.276743,412.892217,299.49181,0.0,367.044398,373.427489,277.560144,386.431675,378.765399,388.172649,323.262517,372.728785,411.214672,238.274922,316.104211,322.794219,427.741695,395.197414,266.809939,306.327952,386.782616,468.695854,395.930141,286.867487),
(418.43777,439.93271,322.909818,465.73032,260.635291,321.218446,249.231914,528.4862,384.219234,327.723074,380.018773,386.932364,347.386474,345.911473,404.170471,310.389612,269.619325,269.754232,210.897869,435.122752,327.045935,261.640595,325.22598,335.672451,327.710953,327.987079,318.700887,359.882113,310.330177,283.166722,285.315644,266.512078,214.17106,339.642798,329.126774,395.260011,400.33918,262.14252,312.81271,404.904009,325.501042,307.794727,371.917274,281.315492,383.817101,344.448392,257.898543,242.862557,236.548441,367.044398,0.0,249.331156,266.329916,256.606932,312.300103,171.716016,170.966845,160.822024,208.840576,232.471137,307.217687,285.856172,298.03317,289.865975,293.729353,236.691186,305.436865,333.353263,232.272687,313.590524),
