import seaborn as sns
import numpy as np
import matplotlib.pyplot as plt
np.random.seed(0)
sns.set_theme()

x_axis_labels = ['D_AMairena',
                 'D_Naranjito',
                 'D_TPabon',
                 'D_JHeredia',
                 'D_Chocolate',
                 'D_JAlmaden',
                 'D_ChanoLobato',
                 'D_TalegondeCordoba',
                 'D_PdeLucia',
                 'D_JMerce',
                 'D_MSimon',
                 'D_MVargas',
                 'D_DiegoClavel',
                 'D_Turronero',
                 'D_RafaelRomeroElGallina']

y_axis_labels = ['D_AMairena',
                 'D_Naranjito',
                 'D_TPabon',
                 'D_JHeredia',
                 'D_Chocolate',
                 'D_JAlmaden',
                 'D_ChanoLobato',
                 'D_TalegondeCordoba',
                 'D_PdeLucia',
                 'D_JMerce',
                 'D_MSimon',
                 'D_MVargas',
                 'D_DiegoClavel',
                 'D_Turronero',
                 'D_RafaelRomeroElGallina']


distance_matrix = np.array([(0.0, 418.298323, 207.05231, 403.098825, 385.568702, 436.779649, 333.954588, 509.092936, 385.859288, 390.645762, 462.328867, 511.02202, 373.511302, 424.494312, 316.651279),
                            (418.298323, 0.0, 302.860598, 418.528283, 420.946241, 306.120516, 280.077914, 547.571968,
                             316.877325, 281.765065, 309.07017, 507.09376, 323.953058, 469.206936, 323.394261),
                            (207.05231, 302.860598, 0.0, 361.878091, 283.834739, 244.288795, 175.996515, 569.778013,
                             260.604719, 244.417485, 234.062508, 507.174399, 233.203026, 425.660294, 410.94801),
                            (403.098825, 418.528283, 361.878091, 0.0, 372.656308, 310.534139, 378.784053, 508.96061,
                             411.766466, 407.952449, 326.605087, 507.041193, 315.102399, 476.857622, 383.948252),
                            (385.568702, 420.946241, 283.834739, 372.656308, 0.0, 355.103564, 250.503272, 523.190038,
                             354.915446, 371.181692, 376.529732, 374.999593, 310.739315, 431.187129, 415.84313),
                            (436.779649, 306.120516, 244.288795, 310.534139, 355.103564, 0.0, 130.629919, 349.339167,
                             279.066747, 216.519863, 215.453729, 372.148574, 349.829642, 265.950218, 175.67567),
                            (333.954588, 280.077914, 175.996515, 378.784053, 250.503272, 130.629919, 0.0, 391.988768,
                             339.283853, 193.466981, 275.706729, 316.609118, 290.419077, 240.792008, 264.494147),
                            (509.092936, 547.571968, 569.778013, 508.96061, 523.190038, 349.339167, 391.988768, 0.0,
                             508.023497, 396.455757, 530.020057, 494.106651, 561.777444, 432.16435, 285.433054),
                            (385.859288, 316.877325, 260.604719, 411.766466, 354.915446, 279.066747, 339.283853,
                             508.023497, 0.0, 369.423225, 253.35217, 471.799691, 256.322964, 414.926506, 353.241763),
                            (390.645762, 281.765065, 244.417485, 407.952449, 371.181692, 216.519863, 193.466981,
                             396.455757, 369.423225, 0.0, 290.486957, 357.133471, 367.316541, 333.924761, 249.995121),
                            (462.328867, 309.07017, 234.062508, 326.605087, 376.529732, 215.453729, 275.706729,
                             530.020057, 253.35217, 290.486957, 0.0, 436.090732, 187.447148, 349.393651, 264.367527),
                            (511.02202, 507.09376, 507.174399, 507.041193, 374.999593, 372.148574, 316.609118,
                             494.106651, 471.799691, 357.133471, 436.090732, 0.0, 371.952674, 443.886817, 360.305419),
                            (373.511302, 323.953058, 233.203026, 315.102399, 310.739315, 349.829642, 290.419077,
                             561.777444, 256.322964, 367.316541, 187.447148, 371.952674, 0.0, 435.05066, 310.626587),
                            (424.494312, 469.206936, 425.660294, 476.857622, 431.187129, 265.950218, 240.792008,
                             432.16435, 414.926506, 333.924761, 349.393651, 443.886817, 435.05066, 0.0, 279.053386),
                            (316.651279, 323.394261, 410.94801, 383.948252, 415.84313, 175.67567, 264.494147, 285.433054, 353.241763, 249.995121, 264.367527, 360.305419, 310.626587, 279.053386, 0.0)])

mask = np.zeros_like(distance_matrix)
mask[np.triu_indices_from(mask)] = True

# uniform_data = np.random.rand(10, 12)
ax = sns.heatmap(distance_matrix, xticklabels=x_axis_labels,
                 yticklabels=y_axis_labels, mask=mask)

plt.show()
